4
3
1
3
0 1 1 0 0 0 1
2 14 33 50 1 0 0
24 56 31 67 0 1 0
23 51 31 69 0 1 0
2 10 36 46 1 0 0
20 52 30 65 0 1 0
19 51 27 58 0 1 0
13 45 28 57 0 0 1
16 47 33 63 0 0 1
17 45 25 49 0 1 0
14 47 32 70 0 0 1
2 16 31 48 1 0 0
19 50 25 63 0 1 0
1 14 36 49 1 0 0
2 13 32 44 1 0 0
12 40 26 58 0 0 1
18 49 27 63 0 1 0
10 33 23 50 0 0 1
2 16 38 51 1 0 0
2 16 30 50 1 0 0
21 56 28 64 0 1 0
4 19 38 51 1 0 0
2 14 30 49 1 0 0
10 41 27 58 0 0 1
15 45 29 60 0 0 1
2 14 36 50 1 0 0
19 51 27 58 0 1 0
4 15 34 54 1 0 0
18 55 31 64 0 1 0
10 33 24 49 0 0 1
2 14 42 55 1 0 0
15 50 22 60 0 1 0
14 39 27 52 0 0 1
2 14 29 44 1 0 0
12 39 27 58 0 0 1
23 57 32 69 0 1 0
15 42 30 59 0 0 1
20 49 28 56 0 1 0
18 58 25 67 0 1 0
13 44 23 63 0 0 1
15 49 25 63 0 0 1
11 30 25 51 0 0 1
21 54 31 69 0 1 0
25 61 36 72 0 1 0
13 36 29 56 0 0 1
21 55 30 68 0 1 0
1 14 30 48 1 0 0
3 17 38 57 1 0 0
14 44 30 66 0 0 1
4 15 37 51 1 0 0
17 50 30 67 0 0 1
22 56 28 64 0 1 0
15 51 28 63 0 1 0
15 45 22 62 0 0 1
14 46 30 61 0 0 1
11 39 25 56 0 0 1
23 59 32 68 0 1 0
23 54 34 62 0 1 0
25 57 33 67 0 1 0
2 13 35 55 1 0 0
15 45 32 64 0 0 1
18 51 30 59 0 1 0
23 53 32 64 0 1 0
15 45 30 54 0 0 1
21 57 33 67 0 1 0
2 13 30 44 1 0 0
2 16 32 47 1 0 0
18 60 32 72 0 1 0
18 49 30 61 0 1 0
2 12 32 50 1 0 0
1 11 30 43 1 0 0
14 44 31 67 0 0 1
2 14 35 51 1 0 0
4 16 34 50 1 0 0
10 35 26 57 0 0 1
23 61 30 77 0 1 0
13 42 26 57 0 0 1
1 15 41 52 1 0 0
18 48 30 60 0 1 0
13 42 27 56 0 0 1
2 15 31 49 1 0 0
4 17 39 54 1 0 0
16 45 34 60 0 0 1
10 35 20 50 0 0 1
2 13 32 47 1 0 0
13 54 29 62 0 0 1
2 15 34 51 1 0 0
10 50 22 60 0 0 1
1 15 31 49 1 0 0
2 15 37 54 1 0 0
12 47 28 61 0 0 1
13 41 28 57 0 0 1
4 13 39 54 1 0 0
20 51 32 65 0 1 0
15 49 31 69 0 0 1
13 40 25 55 0 0 1
3 13 23 45 1 0 0
3 15 38 51 1 0 0
14 48 28 68 0 0 1
2 15 35 52 1 0 0
25 60 33 63 0 1 0
15 46 28 65 0 0 1
3 14 34 46 1 0 0
18 48 32 59 0 0 1
16 51 27 60 0 0 1
18 55 30 65 0 1 0
5 17 33 51 1 0 0
22 67 38 77 0 1 0
21 66 30 76 0 1 0
13 52 30 67 0 1 0
13 40 28 61 0 0 1
11 38 24 55 0 0 1
2 14 34 52 1 0 0
20 64 38 79 0 1 0
6 16 35 50 1 0 0
20 67 28 77 0 1 0
12 44 26 55 0 0 1
3 14 30 48 1 0 0
2 19 34 48 1 0 0
14 56 26 61 0 1 0
2 12 40 58 1 0 0
18 48 28 62 0 1 0
15 45 30 56 0 0 1
2 14 32 46 1 0 0
4 15 44 57 1 0 0
24 56 34 63 0 1 0
16 58 30 72 0 1 0
21 59 30 71 0 1 0
18 56 29 63 0 1 0
12 42 30 57 0 0 1
23 69 26 77 0 1 0
13 56 29 66 0 0 1
2 15 34 52 1 0 0
10 37 24 55 0 0 1
2 15 31 46 1 0 0
19 61 28 74 0 1 0
3 13 35 50 1 0 0
18 63 29 73 0 1 0
15 47 31 67 0 0 1
13 41 30 56 0 0 1
13 43 29 64 0 0 1
22 58 30 65 0 1 0
3 14 35 51 1 0 0
14 47 29 61 0 0 1
19 53 27 64 0 1 0
2 16 34 48 1 0 0
20 50 25 57 0 1 0
13 40 23 55 0 0 1
2 17 34 54 1 0 0
24 51 28 58 0 1 0
2 15 37 53 1 0 0
