4
3
1
3
-0.25259259259259287 -0.01277777777777822 -0.3981920903954806 -0.4155555555555559 1.0 0.0 0.0
-0.30814814814814845 0.07055555555555518 -0.4151412429378534 -0.4155555555555559 1.0 0.0 0.0
-0.3359259259259264 0.028888888888888478 -0.3812429378531077 -0.4155555555555559 1.0 0.0 0.0
-0.2248148148148152 0.23722222222222178 -0.3981920903954806 -0.4155555555555559 1.0 0.0 0.0
-0.11370370370370399 0.36222222222222167 -0.34734463276836197 -0.33222222222222253 1.0 0.0 0.0
-0.3359259259259264 0.15388888888888838 -0.3981920903954806 -0.37388888888888916 1.0 0.0 0.0
-0.2248148148148152 0.15388888888888838 -0.3812429378531077 -0.4155555555555559 1.0 0.0 0.0
-0.3914814814814817 -0.05444444444444492 -0.3981920903954806 -0.4155555555555559 1.0 0.0 0.0
-0.25259259259259287 0.028888888888888478 -0.3812429378531077 -0.4572222222222225 1.0 0.0 0.0
-0.11370370370370399 0.27888888888888846 -0.3812429378531077 -0.4155555555555559 1.0 0.0 0.0
-0.28037037037037077 0.15388888888888838 -0.3642937853107348 -0.4155555555555559 1.0 0.0 0.0
-0.28037037037037077 -0.01277777777777822 -0.3981920903954806 -0.4572222222222225 1.0 0.0 0.0
-0.41925925925925966 -0.01277777777777822 -0.4490395480225992 -0.4572222222222225 1.0 0.0 0.0
-0.002592592592593047 0.4038888888888884 -0.4320903954802264 -0.4155555555555559 1.0 0.0 0.0
-0.03037037037037072 0.5705555555555551 -0.3812429378531077 -0.33222222222222253 1.0 0.0 0.0
-0.11370370370370399 0.36222222222222167 -0.4151412429378534 -0.33222222222222253 1.0 0.0 0.0
-0.1970370370370375 0.1955555555555551 -0.3981920903954806 -0.37388888888888916 1.0 0.0 0.0
-0.03037037037037072 0.320555555555555 -0.34734463276836197 -0.37388888888888916 1.0 0.0 0.0
-0.1970370370370375 0.320555555555555 -0.3812429378531077 -0.37388888888888916 1.0 0.0 0.0
-0.11370370370370399 0.15388888888888838 -0.34734463276836197 -0.4155555555555559 1.0 0.0 0.0
-0.1970370370370375 0.27888888888888846 -0.3812429378531077 -0.33222222222222253 1.0 0.0 0.0
-0.3359259259259264 0.23722222222222178 -0.4659887005649721 -0.4155555555555559 1.0 0.0 0.0
-0.1970370370370375 0.11222222222222168 -0.34734463276836197 -0.29055555555555584 1.0 0.0 0.0
-0.28037037037037077 0.15388888888888838 -0.3134463276836162 -0.4155555555555559 1.0 0.0 0.0
-0.2248148148148152 -0.01277777777777822 -0.3642937853107348 -0.4155555555555559 1.0 0.0 0.0
-0.2248148148148152 0.15388888888888838 -0.3642937853107348 -0.33222222222222253 1.0 0.0 0.0
-0.16925925925925958 0.1955555555555551 -0.3812429378531077 -0.4155555555555559 1.0 0.0 0.0
-0.16925925925925958 0.15388888888888838 -0.3981920903954806 -0.4155555555555559 1.0 0.0 0.0
-0.30814814814814845 0.07055555555555518 -0.3642937853107348 -0.4155555555555559 1.0 0.0 0.0
-0.28037037037037077 0.028888888888888478 -0.3642937853107348 -0.4155555555555559 1.0 0.0 0.0
-0.11370370370370399 0.15388888888888838 -0.3812429378531077 -0.33222222222222253 1.0 0.0 0.0
-0.16925925925925958 0.44555555555555487 -0.3812429378531077 -0.4572222222222225 1.0 0.0 0.0
-0.08592592592592632 0.4872222222222218 -0.3981920903954806 -0.4155555555555559 1.0 0.0 0.0
-0.25259259259259287 0.028888888888888478 -0.3812429378531077 -0.4572222222222225 1.0 0.0 0.0
-0.2248148148148152 0.07055555555555518 -0.4320903954802264 -0.4155555555555559 1.0 0.0 0.0
-0.08592592592592632 0.1955555555555551 -0.4151412429378534 -0.4155555555555559 1.0 0.0 0.0
-0.25259259259259287 0.028888888888888478 -0.3812429378531077 -0.4572222222222225 1.0 0.0 0.0
-0.3914814814814817 -0.01277777777777822 -0.4151412429378534 -0.4155555555555559 1.0 0.0 0.0
-0.1970370370370375 0.15388888888888838 -0.3812429378531077 -0.4155555555555559 1.0 0.0 0.0
-0.2248148148148152 0.1955555555555551 -0.4151412429378534 -0.37388888888888916 1.0 0.0 0.0
-0.36370370370370403 -0.3044444444444449 -0.4151412429378534 -0.37388888888888916 1.0 0.0 0.0
-0.3914814814814817 0.07055555555555518 -0.4151412429378534 -0.4155555555555559 1.0 0.0 0.0
-0.2248148148148152 0.1955555555555551 -0.3642937853107348 -0.2488888888888892 1.0 0.0 0.0
-0.1970370370370375 0.320555555555555 -0.3134463276836162 -0.33222222222222253 1.0 0.0 0.0
-0.28037037037037077 -0.01277777777777822 -0.3981920903954806 -0.37388888888888916 1.0 0.0 0.0
-0.1970370370370375 0.320555555555555 -0.3642937853107348 -0.4155555555555559 1.0 0.0 0.0
-0.3359259259259264 0.07055555555555518 -0.3981920903954806 -0.4155555555555559 1.0 0.0 0.0
-0.1414814814814819 0.27888888888888846 -0.3812429378531077 -0.4155555555555559 1.0 0.0 0.0
-0.2248148148148152 0.11222222222222168 -0.3981920903954806 -0.4155555555555559 1.0 0.0 0.0
0.3307407407407403 0.07055555555555518 0.1611299435028245 0.08444444444444413 0.0 1.0 0.0
0.16407407407407373 0.07055555555555518 0.1272316384180787 0.12611111111111084 0.0 1.0 0.0
0.3029629629629626 0.028888888888888478 0.19502824858757029 0.12611111111111084 0.0 1.0 0.0
-0.08592592592592632 -0.3044444444444449 0.042485875706214295 0.04277777777777751 0.0 1.0 0.0
0.1918518518518514 -0.09611111111111162 0.14418079096045153 0.12611111111111084 0.0 1.0 0.0
-0.03037037037037072 -0.09611111111111162 0.1272316384180787 0.04277777777777751 0.0 1.0 0.0
0.13629629629629583 0.11222222222222168 0.1611299435028245 0.16777777777777753 0.0 1.0 0.0
-0.25259259259259287 -0.2627777777777782 -0.0761581920903959 -0.08222222222222252 0.0 1.0 0.0
0.2196296296296291 -0.05444444444444492 0.14418079096045153 0.04277777777777751 0.0 1.0 0.0
-0.16925925925925958 -0.13777777777777814 0.025536723163841403 0.08444444444444413 0.0 1.0 0.0
-0.2248148148148152 -0.42944444444444485 -0.0422598870056501 -0.08222222222222252 0.0 1.0 0.0
0.025185185185184873 -0.01277777777777822 0.07638418079096009 0.12611111111111084 0.0 1.0 0.0
0.05296296296296255 -0.3461111111111114 0.042485875706214295 -0.08222222222222252 0.0 1.0 0.0
0.08074074074074022 -0.05444444444444492 0.1611299435028245 0.08444444444444413 0.0 1.0 0.0
-0.05814814814814864 -0.05444444444444492 -0.02531073446327721 0.04277777777777751 0.0 1.0 0.0
0.24740740740740702 0.028888888888888478 0.11028248587570588 0.08444444444444413 0.0 1.0 0.0
-0.05814814814814864 -0.01277777777777822 0.1272316384180787 0.12611111111111084 0.0 1.0 0.0
-0.002592592592593047 -0.13777777777777814 0.05943502824858712 -0.08222222222222252 0.0 1.0 0.0
0.10851851851851815 -0.3461111111111114 0.1272316384180787 0.12611111111111084 0.0 1.0 0.0
-0.05814814814814864 -0.2211111111111115 0.025536723163841403 -0.04055555555555581 0.0 1.0 0.0
0.025185185185184873 0.07055555555555518 0.1780790960451973 0.25111111111111084 0.0 1.0 0.0
0.08074074074074022 -0.09611111111111162 0.042485875706214295 0.04277777777777751 0.0 1.0 0.0
0.13629629629629583 -0.2211111111111115 0.19502824858757029 0.12611111111111084 0.0 1.0 0.0
0.08074074074074022 -0.09611111111111162 0.1611299435028245 0.0011111111111108038 0.0 1.0 0.0
0.16407407407407373 -0.05444444444444492 0.09333333333333291 0.04277777777777751 0.0 1.0 0.0
0.2196296296296291 -0.01277777777777822 0.11028248587570588 0.08444444444444413 0.0 1.0 0.0
0.2751851851851847 -0.09611111111111162 0.1780790960451973 0.08444444444444413 0.0 1.0 0.0
0.24740740740740702 -0.01277777777777822 0.2119774011299431 0.20944444444444416 0.0 1.0 0.0
0.05296296296296255 -0.05444444444444492 0.1272316384180787 0.12611111111111084 0.0 1.0 0.0
-0.03037037037037072 -0.17944444444444482 -0.0422598870056501 -0.08222222222222252 0.0 1.0 0.0
-0.08592592592592632 -0.2627777777777782 0.008587570621468508 -0.04055555555555581 0.0 1.0 0.0
-0.08592592592592632 -0.2627777777777782 -0.008361581920904313 -0.08222222222222252 0.0 1.0 0.0
-0.002592592592593047 -0.13777777777777814 0.025536723163841403 0.0011111111111108038 0.0 1.0 0.0
0.05296296296296255 -0.13777777777777814 0.22892655367231593 0.16777777777777753 0.0 1.0 0.0
-0.11370370370370399 -0.01277777777777822 0.1272316384180787 0.12611111111111084 0.0 1.0 0.0
0.05296296296296255 0.15388888888888838 0.1272316384180787 0.16777777777777753 0.0 1.0 0.0
0.24740740740740702 0.028888888888888478 0.1611299435028245 0.12611111111111084 0.0 1.0 0.0
0.13629629629629583 -0.3044444444444449 0.11028248587570588 0.04277777777777751 0.0 1.0 0.0
-0.05814814814814864 -0.01277777777777822 0.05943502824858712 0.04277777777777751 0.0 1.0 0.0
-0.08592592592592632 -0.2211111111111115 0.042485875706214295 0.04277777777777751 0.0 1.0 0.0
-0.08592592592592632 -0.17944444444444482 0.11028248587570588 0.0011111111111108038 0.0 1.0 0.0
0.08074074074074022 -0.01277777777777822 0.14418079096045153 0.08444444444444413 0.0 1.0 0.0
-0.002592592592593047 -0.17944444444444482 0.042485875706214295 0.0011111111111108038 0.0 1.0 0.0
-0.2248148148148152 -0.3044444444444449 -0.0761581920903959 -0.08222222222222252 0.0 1.0 0.0
-0.05814814814814864 -0.13777777777777814 0.07638418079096009 0.04277777777777751 0.0 1.0 0.0
-0.03037037037037072 -0.01277777777777822 0.07638418079096009 0.0011111111111108038 0.0 0.0 1.0
-0.03037037037037072 -0.05444444444444492 0.07638418079096009 0.04277777777777751 0.0 0.0 1.0
0.10851851851851815 -0.05444444444444492 0.09333333333333291 0.04277777777777751 0.0 0.0 1.0
-0.1970370370370375 -0.2211111111111115 -0.12700564971751452 -0.04055555555555581 0.0 0.0 1.0
-0.03037037037037072 -0.09611111111111162 0.05943502824858712 0.04277777777777751 0.0 0.0 1.0
0.13629629629629583 0.11222222222222168 0.3814689265536719 0.5427777777777775 0.0 0.0 1.0
-0.002592592592593047 -0.13777777777777814 0.22892655367231593 0.29277777777777747 0.0 0.0 1.0
0.35851851851851796 -0.01277777777777822 0.3645197740112991 0.3761111111111109 0.0 0.0 1.0
0.13629629629629583 -0.05444444444444492 0.3136723163841803 0.25111111111111084 0.0 0.0 1.0
0.1918518518518514 -0.01277777777777822 0.3475706214689261 0.4177777777777776 0.0 0.0 1.0
0.49740740740740685 -0.01277777777777822 0.4831638418079091 0.3761111111111109 0.0 0.0 1.0
-0.25259259259259287 -0.2211111111111115 0.1272316384180787 0.20944444444444416 0.0 0.0 1.0
0.41407407407407354 -0.05444444444444492 0.4323163841807905 0.25111111111111084 0.0 0.0 1.0
0.24740740740740702 -0.2211111111111115 0.3475706214689261 0.25111111111111084 0.0 0.0 1.0
0.38629629629629586 0.23722222222222178 0.3984180790960447 0.5427777777777775 0.0 0.0 1.0
0.1918518518518514 0.07055555555555518 0.22892655367231593 0.33444444444444416 0.0 0.0 1.0
0.16407407407407373 -0.13777777777777814 0.2628248587570617 0.29277777777777747 0.0 0.0 1.0
0.2751851851851847 -0.01277777777777822 0.2967231638418075 0.3761111111111109 0.0 0.0 1.0
-0.03037037037037072 -0.2211111111111115 0.2119774011299431 0.33444444444444416 0.0 0.0 1.0
-0.002592592592593047 -0.09611111111111162 0.22892655367231593 0.5011111111111108 0.0 0.0 1.0
0.16407407407407373 0.07055555555555518 0.2628248587570617 0.4594444444444441 0.0 0.0 1.0
0.1918518518518514 -0.01277777777777822 0.2967231638418075 0.25111111111111084 0.0 0.0 1.0
0.5251851851851848 0.320555555555555 0.5001129943502821 0.4177777777777776 0.0 0.0 1.0
0.5251851851851848 -0.17944444444444482 0.5340112994350279 0.4594444444444441 0.0 0.0 1.0
0.05296296296296255 -0.3461111111111114 0.2119774011299431 0.12611111111111084 0.0 0.0 1.0
0.3029629629629626 0.07055555555555518 0.3306214689265533 0.4594444444444441 0.0 0.0 1.0
-0.05814814814814864 -0.09611111111111162 0.19502824858757029 0.33444444444444416 0.0 0.0 1.0
0.5251851851851848 -0.09611111111111162 0.5001129943502821 0.33444444444444416 0.0 0.0 1.0
0.13629629629629583 -0.13777777777777814 0.19502824858757029 0.25111111111111084 0.0 0.0 1.0
0.24740740740740702 0.11222222222222168 0.3306214689265533 0.3761111111111109 0.0 0.0 1.0
0.38629629629629586 0.07055555555555518 0.3814689265536719 0.25111111111111084 0.0 0.0 1.0
0.10851851851851815 -0.09611111111111162 0.1780790960451973 0.25111111111111084 0.0 0.0 1.0
0.08074074074074022 -0.01277777777777822 0.19502824858757029 0.25111111111111084 0.0 0.0 1.0
0.16407407407407373 -0.09611111111111162 0.3136723163841803 0.3761111111111109 0.0 0.0 1.0
0.38629629629629586 -0.01277777777777822 0.3475706214689261 0.16777777777777753 0.0 0.0 1.0
0.4418518518518515 -0.09611111111111162 0.3984180790960447 0.29277777777777747 0.0 0.0 1.0
0.5807407407407403 0.320555555555555 0.4492655367231635 0.33444444444444416 0.0 0.0 1.0
0.16407407407407373 -0.09611111111111162 0.3136723163841803 0.4177777777777776 0.0 0.0 1.0
0.13629629629629583 -0.09611111111111162 0.22892655367231593 0.12611111111111084 0.0 0.0 1.0
0.08074074074074022 -0.17944444444444482 0.3136723163841803 0.08444444444444413 0.0 0.0 1.0
0.5251851851851848 -0.01277777777777822 0.3984180790960447 0.4594444444444441 0.0 0.0 1.0
0.13629629629629583 0.15388888888888838 0.3136723163841803 0.5011111111111108 0.0 0.0 1.0
0.16407407407407373 0.028888888888888478 0.2967231638418075 0.25111111111111084 0.0 0.0 1.0
0.05296296296296255 -0.01277777777777822 0.1780790960451973 0.25111111111111084 0.0 0.0 1.0
0.3029629629629626 0.028888888888888478 0.2797740112994347 0.3761111111111109 0.0 0.0 1.0
0.24740740740740702 0.028888888888888478 0.3136723163841803 0.5011111111111108 0.0 0.0 1.0
0.3029629629629626 0.028888888888888478 0.22892655367231593 0.4594444444444441 0.0 0.0 1.0
-0.002592592592593047 -0.13777777777777814 0.22892655367231593 0.29277777777777747 0.0 0.0 1.0
0.2751851851851847 0.07055555555555518 0.3645197740112991 0.4594444444444441 0.0 0.0 1.0
0.24740740740740702 0.11222222222222168 0.3306214689265533 0.5427777777777775 0.0 0.0 1.0
0.24740740740740702 -0.01277777777777822 0.2458757062146889 0.4594444444444441 0.0 0.0 1.0
0.13629629629629583 -0.2211111111111115 0.2119774011299431 0.29277777777777747 0.0 0.0 1.0
0.1918518518518514 -0.01277777777777822 0.2458757062146889 0.33444444444444416 0.0 0.0 1.0
0.10851851851851815 0.15388888888888838 0.2797740112994347 0.4594444444444441 0.0 0.0 1.0
0.025185185185184873 -0.01277777777777822 0.22892655367231593 0.25111111111111084 0.0 0.0 1.0
